SegB 
R 2 20.0 10000 0084667 9.2280E10 280 32 
   6.36700    0.14370    0.00240 
   6.37200    0.14400    0.00270 
   6.37600    0.14650    0.00310 
   6.38300    0.14660    0.00320 
   6.38700    0.15040    0.00360 
   6.39200    0.16240    0.00360 
   6.39600    0.15280    0.00290 
   6.40200    0.16110    0.00240 
   6.40500    0.16080    0.00350 
   6.41100    0.16460    0.00320 
   6.41500    0.16380    0.00260 
   6.41700    0.16540    0.00290 
   6.42000    0.17100    0.00310 
   6.42400    0.17080    0.00210 
   6.42900    0.17300    0.00260 
   6.43400    0.17570    0.00280 
   6.43800    0.17780    0.00310 
   6.44300    0.17830    0.00240 
   6.44700    0.17520    0.00260 
   6.45300    0.18260    0.00220 
   6.45700    0.18270    0.00200 
   6.46200    0.18870    0.00300 
   6.46600    0.18960    0.00230 
   6.47100    0.19150    0.00330 
   6.47500    0.18930    0.00310 
   6.47700    0.19530    0.00270 
   6.48200    0.19380    0.00250 
   6.48700    0.19100    0.00300 
   6.49100    0.20100    0.00300 
   6.49600    0.20590    0.00340 
   6.49700    0.20650    0.00260 
   6.50300    0.20800    0.00290 
   6.50700    0.21320    0.00310 
   6.51300    0.21260    0.00410 
   6.51700    0.22300    0.00340 
   6.51900    0.22330    0.00320 
   6.52400    0.22440    0.00280 
   6.52900    0.22370    0.00220 
   6.53500    0.23140    0.00360 
   6.53900    0.23020    0.00250 
   6.54400    0.23270    0.00360 
   6.54500    0.23280    0.00270 
   6.55100    0.23890    0.00250 
   6.55600    0.24550    0.00360 
   6.55700    0.24650    0.00310 
   6.56200    0.24350    0.00320 
   6.56400    0.24370    0.00370 
   6.56700    0.25090    0.00250 
   6.57100    0.25380    0.00300 
   6.57500    0.25710    0.00300 
   6.58100    0.25980    0.00330 
   6.58600    0.26460    0.00320 
   6.59000    0.26440    0.00370 
