SegB 
R 2 20.0 14000 0131226 1.9080E11 280 32 
   6.89400    0.21030    0.00550 
   6.89800    0.21240    0.00580 
   6.90000    0.21600    0.00760 
   6.90500    0.22000    0.00620 
   6.91000    0.22950    0.00590 
   6.91400    0.23350    0.00520 
   6.91900    0.24330    0.00670 
   6.92100    0.24480    0.00590 
   6.92600    0.25120    0.00490 
   6.93100    0.25790    0.00600 
   6.93500    0.26440    0.00630 
   6.94000    0.27390    0.00600 
   6.94400    0.27590    0.00690 
   6.94900    0.28250    0.00720 
   6.95200    0.28940    0.00750 
   6.95600    0.29290    0.00760 
   6.96400    0.30520    0.00650 
   6.96700    0.31040    0.00720 
   6.97500    0.32510    0.00790 
   6.97900    0.33010    0.00640 
   6.98500    0.34160    0.00650 
   6.98600    0.33940    0.00640 
   6.99100    0.35080    0.00680 
   6.99500    0.35680    0.00710 
   7.00000    0.36670    0.00590 
   7.00500    0.37230    0.00550 
   7.00900    0.37810    0.00460 
   7.01600    0.38990    0.00910 
   7.01800    0.39830    0.00740 
   7.02200    0.40200    0.00600 
   7.02500    0.41120    0.00800 
   7.02700    0.41670    0.00730 
   7.03200    0.42160    0.00650 
   7.03500    0.42920    0.00600 
   7.03600    0.43670    0.00680 
   7.04000    0.44350    0.00710 
   7.04400    0.45580    0.00770 
   7.04600    0.45810    0.00660 
   7.04900    0.46520    0.00600 
   7.05300    0.47320    0.00740 
   7.05500    0.47980    0.00620 
   7.05800    0.48790    0.00610 
   7.06200    0.49910    0.00630 
   7.06300    0.50130    0.00700 
   7.06700    0.51240    0.00670 
   7.07000    0.51830    0.00780 
   7.07300    0.52630    0.00610 
   7.07700    0.53590    0.00720 
   7.07900    0.54750    0.00610 
   7.08200    0.55700    0.00740 
   7.08600    0.57580    0.00660 
   7.08800    0.57950    0.00820 
   7.09100    0.58130    0.00720 
   7.09300    0.58710    0.00840 
   7.09800    0.60800    0.00780 
   7.10000    0.61030    0.00660 
   7.10200    0.62170    0.00880 
   7.10500    0.62780    0.00660 
   7.10900    0.64530    0.00810 
   7.11200    0.65690    0.00710 
   7.11600    0.67250    0.00810 
   7.11800    0.68670    0.00570 
   7.12100    0.69370    0.00640 
   7.12300    0.70300    0.00670 
   7.12800    0.71970    0.00780 
