SegB 
R 2 20.0 10000 0084667 9.2280E10 280 32 
   5.86300    0.08440    0.04610 
   5.86500    0.07180    0.04980 
   5.86900    0.09220    0.03470 
   5.87200    0.08560    0.04890 
   5.87900    0.06590    0.05340 
   5.88400    0.07880    0.03740 
   5.88700    0.08030    0.05030 
   5.88800    0.09420    0.04660 
   5.89300    0.09030    0.04240 
   5.89600    0.08160    0.04660 
   5.89700    0.08800    0.03390 
   5.90200    0.07950    0.03920 
   5.90400    0.09270    0.04420 
   5.90900    0.08030    0.03660 
   5.91400    0.08940    0.03950 
   5.91600    0.09650    0.03760 
   5.92100    0.08900    0.03310 
   5.92700    0.08660    0.02890 
   5.93100    0.09760    0.03420 
   5.93300    0.10320    0.02930 
   5.93800    0.10560    0.03660 
   5.94300    0.09680    0.02330 
   5.94700    0.10790    0.02380 
   5.94800    0.10550    0.02720 
   5.95300    0.10550    0.02740 
   5.95600    0.10600    0.02080 
   5.96000    0.10470    0.01920 
   5.96700    0.10970    0.02020 
   5.97100    0.10790    0.02010 
   5.97200    0.10800    0.01690 
   5.97800    0.11540    0.01920 
   5.98300    0.11420    0.01500 
   5.98500    0.11970    0.01300 
   5.99000    0.12100    0.01600 
   5.99500    0.12290    0.01690 
   5.99600    0.11860    0.01650 
   6.00100    0.12120    0.01450 
   6.00200    0.12740    0.01390 
   6.00800    0.12220    0.01240 
   6.00900    0.12550    0.01020 
   6.01300    0.12550    0.00890 
   6.01500    0.12620    0.00900 
   6.02000    0.12810    0.00900 
   6.02700    0.12760    0.00870 
   6.03200    0.12950    0.00530 
   6.03800    0.13150    0.00640 
   6.04400    0.13360    0.00400 
   6.05000    0.13480    0.00390 
   6.05500    0.14000    0.00470 
   6.06000    0.14100    0.00540 
   6.06700    0.14270    0.00420 
   6.07100    0.14160    0.00500 
   6.07800    0.14640    0.00390 
   6.08400    0.14190    0.00510 
