SegB 
R 2 20.0 14000 0131226 1.9080E11 280 32 
   6.36900    0.10120    0.00320 
   6.37100    0.10090    0.00290 
   6.37500    0.10130    0.00270 
   6.37800    0.10570    0.00330 
   6.38300    0.10830    0.00360 
   6.38600    0.10990    0.00220 
   6.39000    0.10940    0.00330 
   6.39500    0.11400    0.00270 
   6.39900    0.11510    0.00370 
   6.40400    0.12330    0.00310 
   6.40800    0.12300    0.00250 
   6.41300    0.12690    0.00270 
   6.41700    0.12930    0.00310 
   6.42200    0.13540    0.00300 
   6.42400    0.13830    0.00410 
   6.42900    0.13380    0.00280 
   6.43400    0.14120    0.00320 
   6.43600    0.14800    0.00280 
   6.44100    0.14790    0.00310 
   6.44500    0.15140    0.00330 
   6.45000    0.14990    0.00310 
   6.45400    0.15980    0.00300 
   6.45500    0.16070    0.00240 
   6.45900    0.15600    0.00300 
   6.46400    0.16360    0.00340 
   6.46800    0.16570    0.00340 
   6.47100    0.17030    0.00260 
   6.47300    0.17150    0.00300 
   6.47800    0.17800    0.00330 
   6.48200    0.17780    0.00330 
   6.48600    0.17790    0.00390 
   6.48900    0.18180    0.00430 
   6.49300    0.18730    0.00330 
   6.49600    0.19250    0.00300 
   6.50000    0.19600    0.00330 
   6.50500    0.20170    0.00450 
   6.51100    0.20800    0.00410 
   6.51500    0.21080    0.00330 
   6.51900    0.21800    0.00360 
   6.52200    0.22060    0.00300 
   6.52600    0.22260    0.00410 
   6.52800    0.22850    0.00310 
   6.53300    0.23460    0.00370 
   6.53800    0.23580    0.00390 
   6.54000    0.24170    0.00270 
   6.54400    0.24500    0.00340 
   6.54600    0.24790    0.00430 
   6.54900    0.25170    0.00340 
   6.55300    0.25510    0.00370 
   6.55600    0.26200    0.00360 
   6.56100    0.26990    0.00360 
   6.56500    0.27370    0.00380 
   6.57100    0.28390    0.00450 
   6.57400    0.28870    0.00330 
   6.57600    0.29310    0.00470 
   6.57900    0.29660    0.00390 
   6.58400    0.30500    0.00440 
   6.58900    0.31460    0.00370 
   6.59100    0.31270    0.00420 
