SegB 
R 2 20.0 10000 0084667 9.2280E10 280 32 
   6.89600    0.29440    0.00440 
   6.90300    0.30490    0.00480 
   6.90700    0.31020    0.00430 
   6.91500    0.31380    0.00430 
   6.91900    0.32090    0.00550 
   6.92600    0.32940    0.00490 
   6.93100    0.33280    0.00400 
   6.93500    0.33800    0.00490 
   6.94100    0.34010    0.00350 
   6.94700    0.35080    0.00470 
   6.95400    0.35640    0.00590 
   6.95800    0.36120    0.00620 
   6.95900    0.36090    0.00480 
   6.96500    0.36530    0.00560 
   6.97000    0.37110    0.00420 
   6.97100    0.37330    0.00470 
   6.97600    0.38020    0.00620 
   6.97700    0.38170    0.00560 
   6.98300    0.38370    0.00620 
   6.98400    0.38650    0.00560 
   6.98900    0.39250    0.00540 
   6.99600    0.39650    0.00500 
   7.00200    0.40370    0.00480 
   7.00700    0.41100    0.00560 
   7.01400    0.41620    0.00490 
   7.01900    0.42140    0.00450 
   7.02100    0.42490    0.00500 
   7.02500    0.42760    0.00530 
   7.03100    0.43500    0.00510 
   7.03700    0.44490    0.00550 
   7.03800    0.44520    0.00610 
   7.04200    0.45160    0.00620 
   7.04600    0.45400    0.00510 
   7.04700    0.45560    0.00430 
   7.05100    0.46740    0.00580 
   7.05800    0.47170    0.00510 
   7.06500    0.48130    0.00590 
   7.07000    0.48770    0.00590 
   7.07600    0.49360    0.00680 
   7.08200    0.51040    0.00540 
   7.08900    0.51900    0.00630 
   7.09300    0.52240    0.00720 
   7.09800    0.52900    0.00670 
   7.10200    0.54030    0.00420 
   7.10900    0.55020    0.00600 
   7.11400    0.55930    0.00610 
   7.11800    0.56610    0.00680 
   7.12300    0.57350    0.00690 
   7.12400    0.57170    0.00500 
