SegB 
R 2 20.0 14000 0131226 1.9080E11 280 32 
   5.86100    0.07120    0.05840 
   5.86200    0.06270    0.04620 
   5.86500    0.07240    0.04780 
   5.86900    0.06880    0.06060 
   5.87200    0.06840    0.04210 
   5.87500    0.08260    0.04480 
   5.87800    0.07210    0.05440 
   5.88100    0.05510    0.04270 
   5.88400    0.06750    0.04600 
   5.88700    0.07890    0.04260 
   5.89300    0.07130    0.03890 
   5.89700    0.07710    0.04260 
   5.90200    0.07290    0.04080 
   5.90400    0.08600    0.02810 
   5.90800    0.07510    0.03450 
   5.91100    0.08680    0.03580 
   5.91400    0.07820    0.03740 
   5.91800    0.08760    0.03990 
   5.92300    0.08650    0.03220 
   5.92900    0.08280    0.02950 
   5.93200    0.10460    0.02820 
   5.93800    0.10030    0.03160 
   5.94500    0.09540    0.02940 
   5.94900    0.10360    0.02860 
   5.95300    0.10250    0.02670 
   5.95500    0.10580    0.02530 
   5.95800    0.10080    0.02590 
   5.96200    0.10840    0.02560 
   5.96600    0.11120    0.02050 
   5.97000    0.11680    0.02390 
   5.97500    0.11780    0.02100 
   5.98000    0.11670    0.02380 
   5.98300    0.12380    0.02060 
   5.98900    0.13360    0.02220 
   5.99000    0.12780    0.02220 
   5.99500    0.12500    0.02450 
   5.99600    0.13390    0.01950 
   6.00200    0.13080    0.02000 
   6.00900    0.12970    0.01650 
   6.01200    0.13640    0.01720 
   6.01600    0.13980    0.01490 
   6.02200    0.14000    0.01160 
   6.02500    0.14220    0.00730 
   6.02800    0.14310    0.00750 
   6.03100    0.15240    0.00640 
   6.03400    0.14620    0.00570 
   6.04100    0.14910    0.00630 
   6.04500    0.15330    0.00510 
   6.05000    0.15310    0.00510 
   6.05500    0.15790    0.00540 
   6.05800    0.16270    0.00460 
   6.06200    0.16350    0.00520 
   6.06900    0.16810    0.00710 
   6.07100    0.17260    0.00480 
   6.07600    0.17560    0.00540 
   6.08000    0.18090    0.00570 
   6.08500    0.18220    0.00630 
