SegB 
R 2 20.0 20000 0168127 3.5010E11 281 32 
   6.89400    0.08080    0.00550 
   6.89900    0.08770    0.00560 
   6.90000    0.08870    0.00650 
   6.90400    0.09200    0.00470 
   6.90500    0.09190    0.00560 
   6.91000    0.10120    0.00530 
   6.91400    0.10480    0.00630 
   6.91900    0.10790    0.00510 
   6.92200    0.11290    0.00640 
   6.92500    0.11750    0.00710 
   6.93100    0.12580    0.00620 
   6.93500    0.12820    0.00550 
   6.94000    0.13690    0.00780 
   6.94400    0.14250    0.00700 
   6.94900    0.14890    0.00620 
   6.95300    0.15440    0.00600 
   6.95800    0.16250    0.00670 
   6.96300    0.17000    0.00620 
   6.96400    0.16990    0.00610 
   6.96700    0.18130    0.00690 
   6.97400    0.19210    0.00630 
   6.97500    0.18910    0.00850 
   6.97900    0.20050    0.00590 
   6.98200    0.20400    0.00670 
   6.98600    0.21400    0.00620 
   6.99100    0.21970    0.00630 
   6.99500    0.23160    0.00590 
   7.00000    0.24310    0.00780 
   7.00400    0.25340    0.00710 
   7.00500    0.25380    0.00690 
   7.00900    0.26330    0.00730 
   7.01300    0.27460    0.00710 
   7.01400    0.27210    0.00710 
   7.01800    0.28650    0.00910 
   7.02100    0.29570    0.00710 
   7.02500    0.30340    0.00600 
   7.03000    0.32030    0.00830 
   7.03300    0.33040    0.00620 
   7.03700    0.34140    0.00800 
   7.04200    0.36170    0.00730 
   7.04600    0.37770    0.00890 
   7.04700    0.38040    0.00660 
   7.05100    0.39740    0.00570 
   7.05600    0.41360    0.00880 
   7.06000    0.43490    0.00640 
   7.06700    0.46110    0.00920 
   7.07200    0.49200    0.00730 
   7.07500    0.50090    0.00710 
   7.07900    0.52390    0.00720 
   7.08400    0.55320    0.00700 
   7.08900    0.58120    0.00850 
   7.09300    0.60960    0.01040 
   7.09800    0.63590    0.00750 
   7.10200    0.67190    0.00820 
   7.10900    0.72240    0.00850 
   7.11400    0.75950    0.00720 
   7.12100    0.82150    0.00900 
   7.12500    0.86970    0.00800 
