SegB 
R 2 20.0 20000 0168127 3.5010E11 281 32 
   5.86400    0.04180    0.04490 
   5.86500    0.03370    0.02960 
   5.86700    0.04910    0.04530 
   5.87100    0.03880    0.04830 
   5.87500    0.04790    0.05860 
   5.87800    0.05850    0.04930 
   5.88100    0.04160    0.04870 
   5.88800    0.03250    0.04700 
   5.89300    0.04570    0.04510 
   5.89800    0.04750    0.04390 
   5.90200    0.04710    0.03230 
   5.90400    0.04910    0.03490 
   5.90800    0.05400    0.03310 
   5.90900    0.06530    0.03430 
   5.91400    0.05860    0.04280 
   5.91600    0.05450    0.04220 
   5.92000    0.06170    0.03320 
   5.92100    0.06340    0.03930 
   5.92500    0.06320    0.03610 
   5.92700    0.05680    0.03260 
   5.93200    0.06570    0.03370 
   5.93800    0.06320    0.02680 
   5.94000    0.06780    0.02690 
   5.94200    0.06930    0.02930 
   5.94600    0.07280    0.02570 
   5.95000    0.08050    0.03030 
   5.95300    0.07620    0.02390 
   5.95500    0.08340    0.02710 
   5.95900    0.08450    0.02190 
   5.96000    0.08780    0.02190 
   5.96700    0.09410    0.02410 
   5.97100    0.07170    0.02350 
   5.97300    0.09670    0.02880 
   5.97600    0.09650    0.02890 
   5.98000    0.09000    0.02380 
   5.98300    0.10630    0.02530 
   5.98400    0.10950    0.02180 
   5.98900    0.10920    0.02210 
   5.99000    0.11060    0.02820 
   5.99500    0.11780    0.02470 
   5.99700    0.11620    0.02080 
   6.00100    0.12750    0.01900 
   6.00800    0.11980    0.01680 
   6.01300    0.12820    0.01350 
   6.01500    0.12520    0.01490 
   6.01900    0.13310    0.01090 
   6.02200    0.13400    0.01290 
   6.02700    0.14310    0.00890 
   6.03100    0.14380    0.00670 
   6.03300    0.14420    0.00880 
   6.03800    0.15370    0.00630 
   6.04400    0.15690    0.00690 
   6.05000    0.16700    0.00450 
   6.05500    0.17470    0.00570 
   6.05900    0.18010    0.00530 
   6.06200    0.18590    0.00550 
   6.06600    0.19380    0.00490 
   6.07100    0.20030    0.00600 
   6.07500    0.21140    0.00580 
   6.08000    0.21830    0.00500 
   6.08500    0.23160    0.00490 
