SegB 
R 2 20.0 20000 0168127 3.5010E11 281 32 
   6.36900    0.03170    0.00310 
   6.37300    0.03740    0.00240 
   6.37600    0.03730    0.00270 
   6.38100    0.04110    0.00300 
   6.38500    0.04400    0.00410 
   6.39000    0.04560    0.00310 
   6.39500    0.04830    0.00280 
   6.39900    0.04940    0.00260 
   6.40400    0.05250    0.00380 
   6.40800    0.05670    0.00280 
   6.41200    0.05850    0.00250 
   6.41300    0.05950    0.00360 
   6.41800    0.06180    0.00430 
   6.41900    0.06630    0.00280 
   6.42400    0.06640    0.00400 
   6.42900    0.07380    0.00310 
   6.43100    0.07600    0.00320 
   6.43600    0.07660    0.00310 
   6.43800    0.08180    0.00300 
   6.44300    0.08110    0.00270 
   6.44600    0.08700    0.00320 
   6.45000    0.08790    0.00370 
   6.45400    0.09200    0.00260 
   6.45900    0.09790    0.00300 
   6.46400    0.10290    0.00270 
   6.46800    0.10590    0.00400 
   6.47300    0.11050    0.00350 
   6.47800    0.11600    0.00340 
   6.48000    0.12370    0.00290 
   6.48200    0.12400    0.00350 
   6.48700    0.12480    0.00260 
   6.48900    0.12220    0.00290 
   6.49300    0.12220    0.00330 
   6.49800    0.14580    0.00360 
   6.50200    0.14710    0.00290 
   6.50500    0.15360    0.00370 
   6.50900    0.16160    0.00290 
   6.51500    0.16920    0.00340 
   6.51900    0.17610    0.00320 
   6.52300    0.18480    0.00400 
   6.52600    0.18750    0.00300 
   6.52800    0.19070    0.00370 
   6.53200    0.20190    0.00380 
   6.53800    0.21460    0.00350 
   6.54100    0.22670    0.00350 
   6.54200    0.22560    0.00380 
   6.54700    0.22760    0.00460 
   6.55300    0.24680    0.00390 
   6.55700    0.25710    0.00410 
   6.56200    0.26870    0.00380 
   6.56500    0.27790    0.00380 
   6.57100    0.29720    0.00430 
   6.57300    0.30700    0.00450 
   6.57700    0.31460    0.00350 
   6.57900    0.32570    0.00370 
   6.58400    0.34210    0.00380 
   6.58900    0.36250    0.00440 
   6.59300    0.37550    0.00430 
